arc %% per episode: ep0 21.61 ep1 21.61 ep2 21.61 ep3 21.61 ep4 21.61 ep5 21.61 ep6 21.61 ep7 21.61 ep8 21.61
traj_2757754880.jsonl ep0: 835 ticks, 8.35 s, arc max 21.61% of 38,676 u
reference line: branch at row 777 (t 7.77 s, arc 17.01%); SURVIVING-RAMP window t+0.52..2.0 s = rows [830 977], arc 18.59..23.15%
goal field @ cell 32 in 0.0s
surviving ramp: 1,076 surfy voxels at cell 32 (1,076 centres) within 160 u of it
obs-potential norm: (d_hit - mean) / (std + 50 u) per frame over its honest pixels, clipped [-3, 3], farther-from-goal POSITIVE, unreachable +3, a frame under 8 honest pixels reads 0; sampled one 32 u cell short of the hit; CURTAIN on: a ray entering the finish box (-2136 -483.065 -2178.76) .. (-2134 -173.089 -2012.34) before its hit reads the goal (d = 0); grid 263x265x126 uint16 (0.02 GB) on cuda
94 decisions in [4.60, 8.32] s
wrote runs\research\petrusperc\m6\m6_table.json and runs\research\petrusperc\m6\m6_frames.npz

    t   arc%   spd  yaw-hdg | inFOV angpx occ%  gap_u | ramp px  dist | depth r/wall  sig | mask r/wall  sig | surfy r/wall | pot r/wall
  --------------------------------------------------------------------------------------------------------------------------------------
  4.60  10.78    977    -1.8 |  1076    62  100   2261 |      0    nan |   nan   nan   +nan |   nan   nan   +nan |   nan   nan |  +nan  +nan
  4.64  10.88    972    -1.8 |  1076    64  100   2267 |      0    nan |   nan   nan   +nan |   nan   nan   +nan |   nan   nan |  +nan  +nan
  4.68  10.98    970    -1.8 |  1076    67  100   2287 |      0    nan |   nan   nan   +nan |   nan   nan   +nan |   nan   nan |  +nan  +nan
  4.72  11.11    969    -1.8 |  1076    66  100   2258 |      0    nan |   nan   nan   +nan |   nan   nan   +nan |   nan   nan |  +nan  +nan
  4.76  11.21    969    -1.8 |   979    61  100   2233 |      0    nan |   nan   nan   +nan |   nan   nan   +nan |   nan   nan |  +nan  +nan
  4.80  11.31    970    -1.8 |   755    48  100   2207 |      0    nan |   nan   nan   +nan |   nan   nan   +nan |   nan   nan |  +nan  +nan
  4.84  11.42    973    -1.8 |   532    37  100   2177 |      0    nan |   nan   nan   +nan |   nan   nan   +nan |   nan   nan |  +nan  +nan
  4.88  11.51    976    -1.8 |   391    26  100   2142 |      0    nan |   nan   nan   +nan |   nan   nan   +nan |   nan   nan |  +nan  +nan
  4.92  11.61    981    -1.8 |   118    10  100   2146 |      0    nan |   nan   nan   +nan |   nan   nan   +nan |   nan   nan |  +nan  +nan
  4.96  11.71    986    -1.8 |     1     1  100   2118 |      0    nan |   nan   nan   +nan |   nan   nan   +nan |   nan   nan |  +nan  +nan
  5.00  11.82    993    -1.8 |     0     0  nan    nan |      0    nan |   nan   nan   +nan |   nan   nan   +nan |   nan   nan |  +nan  +nan
  5.04  11.92   1000    -1.8 |     0     0  nan    nan |      0    nan |   nan   nan   +nan |   nan   nan   +nan |   nan   nan |  +nan  +nan
  5.08  12.02   1008    +1.8 |     0     0  nan    nan |      0    nan |   nan   nan   +nan |   nan   nan   +nan |   nan   nan |  +nan  +nan
  5.12  12.11   1017    +1.7 |    29     4  100   2014 |      0    nan |   nan   nan   +nan |   nan   nan   +nan |   nan   nan |  +nan  +nan
  5.16  12.22   1027    +1.7 |   156    14  100   1968 |      0    nan |   nan   nan   +nan |   nan   nan   +nan |   nan   nan |  +nan  +nan
  5.20  12.33   1035    +1.7 |   359    30  100   1936 |      0    nan |   nan   nan   +nan |   nan   nan   +nan |   nan   nan |  +nan  +nan
  5.24  12.43   1043    -0.4 |   310    26  100   1883 |      0    nan |   nan   nan   +nan |   nan   nan   +nan |   nan   nan |  +nan  +nan
  5.28  12.54   1052    -0.7 |   273    23  100   1857 |      0    nan |   nan   nan   +nan |   nan   nan   +nan |   nan   nan |  +nan  +nan
  5.32  12.65   1058    -0.3 |   199    17  100   1837 |      0    nan |   nan   nan   +nan |   nan   nan   +nan |   nan   nan |  +nan  +nan
  5.36  12.76   1065    -0.6 |   157    15  100   1810 |      0    nan |   nan   nan   +nan |   nan   nan   +nan |   nan   nan |  +nan  +nan
  5.40  12.87   1070    -0.4 |   108    12  100   1787 |      0    nan |   nan   nan   +nan |   nan   nan   +nan |   nan   nan |  +nan  +nan
  5.44  12.98   1074    -0.4 |    65     8  100   1781 |      0    nan |   nan   nan   +nan |   nan   nan   +nan |   nan   nan |  +nan  +nan
  5.48  13.09   1079    -1.6 |     9     2  100   1735 |      0    nan |   nan   nan   +nan |   nan   nan   +nan |   nan   nan |  +nan  +nan
  5.52  13.21   1085    +1.6 |    40     5  100   1744 |      0    nan |   nan   nan   +nan |   nan   nan   +nan |   nan   nan |  +nan  +nan
  5.56  13.32   1092    -1.6 |     0     0  nan    nan |      0    nan |   nan   nan   +nan |   nan   nan   +nan |   nan   nan |  +nan  +nan
  5.60  13.43   1100    +1.6 |    14     3  100   1703 |      0    nan |   nan   nan   +nan |   nan   nan   +nan |   nan   nan |  +nan  +nan
  5.64  13.54   1109    +1.6 |   103    12  100   1684 |      0    nan |   nan   nan   +nan |   nan   nan   +nan |   nan   nan |  +nan  +nan
  5.68  13.66   1118    +1.6 |   210    22  100   1729 |      0    nan |   nan   nan   +nan |   nan   nan   +nan |   nan   nan |  +nan  +nan
  5.72  13.77   1129    -1.6 |   124    15  100   1680 |      0    nan |   nan   nan   +nan |   nan   nan   +nan |   nan   nan |  +nan  +nan
  5.76  13.89   1140    +1.6 |   149    17  100   1681 |      0    nan |   nan   nan   +nan |   nan   nan   +nan |   nan   nan |  +nan  +nan
  5.80  14.01   1152    +1.6 |   332    29  100   1708 |      0    nan |   nan   nan   +nan |   nan   nan   +nan |   nan   nan |  +nan  +nan
  5.84  14.13   1165    +1.6 |   481    44  100   1742 |      0    nan |   nan   nan   +nan |   nan   nan   +nan |   nan   nan |  +nan  +nan
  5.88  14.25   1178    +1.6 |   682    56  100   1757 |      0    nan |   nan   nan   +nan |   nan   nan   +nan |   nan   nan |  +nan  +nan
  5.92  14.37   1192    +1.6 |   897    65  100   1722 |      0    nan |   nan   nan   +nan |   nan   nan   +nan |   nan   nan |  +nan  +nan
  5.96  14.49   1207    -1.6 |   788    58  100   1679 |      0    nan |   nan   nan   +nan |   nan   nan   +nan |   nan   nan |  +nan  +nan
  6.00  14.62   1219    +0.9 |   658    54  100   1643 |      0    nan |   nan   nan   +nan |   nan   nan   +nan |   nan   nan |  +nan  +nan
  6.04  14.73   1232    +0.7 |   690    61  100   1579 |      0    nan |   nan   nan   +nan |   nan   nan   +nan |   nan   nan |  +nan  +nan
  6.08  14.85   1244    +0.4 |   765    63  100   1561 |      0    nan |   nan   nan   +nan |   nan   nan   +nan |   nan   nan |  +nan  +nan
  6.12  14.98   1254    +0.3 |   830    64  100   1516 |      0    nan |   nan   nan   +nan |   nan   nan   +nan |   nan   nan |  +nan  +nan
  6.16  15.08   1261    +0.1 |   907    71  100   1532 |      0    nan |   nan   nan   +nan |   nan   nan   +nan |   nan   nan |  +nan  +nan
  6.20  15.20   1266    -0.1 |   960    75  100   1489 |      0    nan |   nan   nan   +nan |   nan   nan   +nan |   nan   nan |  +nan  +nan
  6.24  15.33   1268    -0.2 |  1014    78  100   1459 |      0    nan |   nan   nan   +nan |   nan   nan   +nan |   nan   nan |  +nan  +nan
  6.28  15.42   1269    -0.2 |  1062    79  100   1452 |      0    nan |   nan   nan   +nan |   nan   nan   +nan |   nan   nan |  +nan  +nan
  6.32  15.54   1265    -0.4 |  1076    87  100   1320 |      0    nan |   nan   nan   +nan |   nan   nan   +nan |   nan   nan |  +nan  +nan
  6.36  15.67   1256    -0.7 |  1076    92  100   1317 |      0    nan |   nan   nan   +nan |   nan   nan   +nan |   nan   nan |  +nan  +nan
  6.40  15.73   1243    -0.7 |  1076    94  100   1235 |      0    nan |   nan   nan   +nan |   nan   nan   +nan |   nan   nan |  +nan  +nan
  6.44  15.86   1224    -0.9 |  1076   100  100   1200 |      0    nan |   nan   nan   +nan |   nan   nan   +nan |   nan   nan |  +nan  +nan
  6.48  15.98   1198    -0.8 |  1076   112  100   1109 |      0    nan |   nan   nan   +nan |   nan   nan   +nan |   nan   nan |  +nan  +nan
  6.52  16.12   1175    -0.0 |  1076   110  100   1124 |      0    nan |   nan   nan   +nan |   nan   nan   +nan |   nan   nan |  +nan  +nan
  6.56  16.23   1159    -1.8 |  1076   120  100   1056 |      0    nan |   nan   nan   +nan |   nan   nan   +nan |   nan   nan |  +nan  +nan
  6.60  16.38   1143    -1.8 |  1076   136  100   1031 |      0    nan |   nan   nan   +nan |   nan   nan   +nan |   nan   nan |  +nan  +nan
  6.64  16.48   1129    -1.8 |  1076   138  100   1018 |      0    nan |   nan   nan   +nan |   nan   nan   +nan |   nan   nan |  +nan  +nan
  6.68  16.60   1115    -1.8 |  1037   140  100    993 |      0    nan |   nan   nan   +nan |   nan   nan   +nan |   nan   nan |  +nan  +nan
  6.72  16.71   1101    -1.8 |   899   128  100    913 |      0    nan |   nan   nan   +nan |   nan   nan   +nan |   nan   nan |  +nan  +nan
  6.76  16.82   1089    -1.8 |   609   120   98    869 |      5    817 | 0.405 0.182  +1.36 | 0.485 0.000  +2.87 |  0.80  0.00 | -2.67 -1.18
  6.80  16.93   1076    +1.7 |   863   136   89    846 |     27    778 | 0.390 0.167  +1.38 | 0.359 0.000  +1.65 |  0.59  0.00 | -2.49 -0.85
  6.84  17.02   1066    +1.7 |  1008   154   81    878 |     70    748 | 0.375 0.209  +1.17 | 0.433 0.000  +1.50 |  0.71  0.00 | -2.10 -0.74
  6.88  17.13   1055    +1.7 |  1076   165   66    813 |    107    728 | 0.378 0.221  +1.11 | 0.448 0.000  +1.51 |  0.74  0.00 | -1.79 -0.62
  6.92  17.23   1046    +1.7 |  1076   180   26    -25 |    208    771 | 0.426 0.329  +0.57 | 0.490 0.000  +1.51 |  0.72  0.00 | -1.25 -0.72
  6.96  17.32   1035    +1.7 |  1076   187   12    -39 |    252    767 | 0.446 0.395  +0.27 | 0.479 0.000  +1.50 |  0.72  0.00 | -0.88 -0.60
  7.00  17.41   1026    +1.7 |  1076   205   13    -36 |    279    728 | 0.430 0.441  -0.06 | 0.485 0.000  +1.52 |  0.72  0.00 | -0.69 -0.66
  7.04  17.49   1020    +1.7 |  1076   227   14    -34 |    307    708 | 0.420 0.425  -0.02 | 0.482 0.000  +1.50 |  0.72  0.00 | -0.54 -0.62
  7.08  17.56   1014    +1.7 |  1053   223   10    -30 |    287    724 | 0.424 0.411  +0.06 | 0.507 0.000  +1.54 |  0.72  0.00 | -0.62 -0.66
  7.12  17.62   1010    +1.7 |  1010   205    9    -41 |    271    742 | 0.442 0.374  +0.31 | 0.512 0.000  +1.56 |  0.73  0.00 | -0.73 -0.54
  7.16  17.72   1006    +1.7 |   957   196   11    -38 |    235    780 | 0.456 0.391  +0.27 | 0.510 0.000  +1.53 |  0.71  0.00 | -0.84 -0.62
  7.20  17.79   1004    -1.7 |   958   205   10    -41 |    262    741 | 0.441 0.378  +0.30 | 0.527 0.000  +1.58 |  0.73  0.00 | -0.73 -0.53
  7.24  17.86   1002    +1.7 |   914   195    7    -41 |    250    752 | 0.443 0.369  +0.35 | 0.552 0.000  +1.56 |  0.67  0.00 | -0.81 -0.57
  7.28  17.93   1002    -1.7 |   916   218   10    -37 |    281    738 | 0.425 0.355  +0.37 | 0.545 0.000  +1.55 |  0.67  0.00 | -0.70 -0.45
  7.32  17.98   1002    +1.7 |   868   197    9    -40 |    244    750 | 0.432 0.372  +0.30 | 0.536 0.000  +1.55 |  0.69  0.00 | -0.79 -0.60
  7.36  17.98   1004    -1.7 |   873   217    9    -38 |    285    731 | 0.416 0.349  +0.34 | 0.540 0.001  +1.51 |  0.64  0.00 | -0.65 -0.52
  7.40  17.98   1006    +1.7 |   820   200    8    -41 |    260    737 | 0.423 0.341  +0.41 | 0.527 0.000  +1.48 |  0.62  0.00 | -0.70 -0.49
  7.44  18.00   1010    +1.7 |   737   173    8    -48 |    223    772 | 0.441 0.320  +0.56 | 0.523 0.000  +1.42 |  0.55  0.00 | -0.87 -0.44
  7.48  18.05   1015    -1.7 |   750   182    8    -47 |    240    751 | 0.429 0.358  +0.37 | 0.497 0.001  +1.38 |  0.56  0.00 | -0.77 -0.52
  7.52  18.11   1020    -1.7 |   772   201    8    -42 |    276    706 | 0.407 0.342  +0.37 | 0.499 0.001  +1.43 |  0.61  0.00 | -0.62 -0.43
  7.56  18.16   1027    +1.7 |   711   182    4    -49 |    258    738 | 0.412 0.337  +0.44 | 0.451 0.001  +1.27 |  0.50  0.00 | -0.69 -0.42
  7.60  19.74   1034    +1.7 |   626   156    3    -61 |    199    835 | 0.433 0.342  +0.49 | 0.432 0.000  +1.26 |  0.49  0.00 | -0.92 -0.53
  7.64  19.85   1043    -1.7 |   644   169    2    -60 |    227    802 | 0.414 0.331  +0.48 | 0.406 0.001  +1.21 |  0.48  0.00 | -0.78 -0.46
  7.68  19.95   1052    -1.7 |   662   192    3    -49 |    278    726 | 0.389 0.334  +0.30 | 0.452 0.001  +1.27 |  0.50  0.00 | -0.56 -0.49
  7.72  20.03   1062    +1.7 |   616   185    1    -58 |    246    741 | 0.394 0.324  +0.41 | 0.401 0.001  +1.19 |  0.46  0.00 | -0.62 -0.42
  7.76  20.13   1074    +1.7 |   572   166    2    -52 |    207    738 | 0.413 0.320  +0.50 | 0.345 0.001  +1.18 |  0.49  0.00 | -0.77 -0.46
  7.80  20.24   1085    -1.7 |   572   180    0    -57 |    231    708 | 0.392 0.346  +0.30 | 0.344 0.001  +1.17 |  0.49  0.00 | -0.61 -0.45
  7.84  20.29   1098    +1.7 |   544   164    2    -53 |    198    730 | 0.398 0.375  +0.14 | 0.322 0.001  +1.26 |  0.59  0.00 | -0.73 -0.68
  7.88  20.35   1112    +1.7 |   484   157    9    -40 |    182    757 | 0.401 0.354  +0.28 | 0.407 0.001  +1.50 |  0.73  0.00 | -0.89 -0.75
  7.92  20.43   1126    -1.7 |   484   167    5    -40 |    184    713 | 0.382 0.357  +0.16 | 0.405 0.001  +1.51 |  0.74  0.00 | -0.77 -0.69
  7.96  20.52   1141    -1.7 |   491   179    6    -34 |    213    684 | 0.361 0.329  +0.21 | 0.387 0.002  +1.45 |  0.70  0.00 | -0.64 -0.62
  8.00  20.72   1156    -1.7 |   505   205    7    -39 |    258    638 | 0.343 0.332  +0.08 | 0.382 0.002  +1.42 |  0.69  0.00 | -0.43 -0.48
  8.04  21.20   1173    +1.7 |   454   170    6    -37 |    230    657 | 0.339 0.311  +0.20 | 0.430 0.003  +1.58 |  0.78  0.00 | -0.39 -0.39
  8.08  21.28   1190    -1.7 |   443   188    9    -36 |    252    638 | 0.326 0.299  +0.20 | 0.421 0.002  +1.55 |  0.77  0.00 | -0.28 -0.27
  8.12  21.28   1207    +1.7 |   380   158    6    -35 |    192    686 | 0.340 0.317  +0.19 | 0.426 0.002  +1.56 |  0.77  0.00 | -0.47 -0.41
  8.16  21.33   1225    +1.7 |   294   128    4    -39 |    143    711 | 0.349 0.318  +0.24 | 0.437 0.001  +1.61 |  0.78  0.00 | -0.64 -0.50
  8.20  21.42   1244    -1.7 |   294   130    6    -35 |    162    677 | 0.335 0.306  +0.23 | 0.448 0.001  +1.58 |  0.76  0.00 | -0.56 -0.39
  8.24  21.51   1263    -1.6 |   326   144    8    -38 |    189    639 | 0.313 0.284  +0.23 | 0.445 0.001  +1.57 |  0.76  0.00 | -0.43 -0.38
  8.28  21.60   1282    +1.7 |   247   108    3    -31 |    139    653 | 0.325 0.282  +0.33 | 0.500 0.003  +1.69 |  0.81  0.00 | -0.63 -0.48
  8.32  21.61   1301    +0.4 |   198    94    3    -38 |    102    637 | 0.317 0.236  +0.66 | 0.509 0.001  +1.64 |  0.77  0.00 | -0.88 -0.55

YAW SWEEP (offset off heading(v)):
     t   off  ramp px  sky px  surfy px  nearest u
   6.40   -90        0       0      1657          -
   6.40   -45        0       0      1445          -
   6.40   -20        0       0      1104          -
   6.40   -10        0       0       954          -
   6.40    +0        0       0       812          -
   6.40   +10        0       0       658          -
   6.40   +20        0       0       526          -
   6.40   +45        0       0       260          -
   6.40   +90        0       0        11          -
   6.80   -90        0       0         0          -
   6.80   -45       30       0        99        723
   6.80   -20       29       0       210        723
   6.80   -10       28       0       210        723
   6.80    +0       30       0       219        723
   6.80   +10       29       0       224        723
   6.80   +20       28       0       218        723
   6.80   +45       17       0       201        723
   6.80   +90        0       0        65          -
   7.20   -90        0       0         0          -
   7.20   -45       29       0        38       1203
   7.20   -20      158       0       114        624
   7.20   -10      213       0       162        616
   7.20    +0      272       0       214        580
   7.20   +10      328       0       258        556
   7.20   +20      376       0       310        531
   7.20   +45      439       0       437        531
   7.20   +90      340       0       385        531
   7.80   -90        0       0         0          -
   7.80   -45       16       0        40       1030
   7.80   -20      131       0       140        642
   7.80   -10      180       0       147        639
   7.80    +0      241       0       156        490
   7.80   +10      313       0       188        464
   7.80   +20      394       0       233        464
   7.80   +45      576       0       378        450
   7.80   +90      744       0       479        450
